1623708043503245066, 267, 128, 71, 23, 16, 6, 2, 2, 0, 1, 751
1623708069091273310, 259, 119, 69, 32, 17, 6, 5, 3, 1, 1, 751
1623708097426039487, 282, 115, 68, 26, 11, 10, 1, 1, 1, 0, 751
1623708123900963005, 239, 127, 60, 47, 15, 10, 4, 6, 1, 1, 751
1623708150758583777, 281, 142, 53, 31, 14, 4, 3, 1, 2, 0, 751
1623708177227431775, 267, 127, 53, 30, 15, 7, 5, 1, 0, 0, 751
1623708202509763355, 256, 139, 72, 40, 12, 8, 4, 4, 0, 1, 751
1623708227777668006, 279, 125, 70, 31, 16, 12, 8, 0, 0, 1, 751
1623708252497409147, 254, 130, 80, 41, 19, 4, 9, 1, 2, 0, 751
1623708277308094425, 270, 127, 73, 26, 15, 3, 3, 5, 0, 0, 751
1623708301591009364, 268, 115, 58, 34, 16, 5, 2, 0, 3, 0, 751
1623708326096555001, 260, 133, 74, 25, 14, 3, 4, 4, 1, 0, 751
1623708350423009872, 277, 119, 63, 25, 13, 11, 2, 0, 0, 0, 751
1623708374795159247, 275, 140, 63, 24, 22, 14, 6, 4, 2, 1, 751
1623708399189442787, 265, 141, 50, 34, 12, 6, 4, 1, 0, 0, 751
1623708424387714887, 255, 122, 63, 21, 13, 12, 6, 2, 0, 1, 751
1623708449200042557, 257, 125, 60, 23, 14, 6, 6, 3, 2, 0, 751
1623708473999014538, 276, 113, 55, 23, 15, 8, 5, 3, 0, 0, 751
1623708497988899622, 259, 138, 57, 33, 13, 7, 3, 4, 0, 0, 751
1623708522343337147, 274, 123, 58, 22, 23, 9, 1, 1, 0, 0, 751
1623708547363314252, 258, 125, 61, 35, 10, 9, 4, 2, 1, 1, 751
1623708572352929620, 262, 118, 56, 33, 19, 3, 8, 1, 0, 0, 751
1623708597450901939, 284, 125, 67, 33, 12, 7, 3, 2, 0, 0, 751
1623708622208519355, 264, 134, 62, 30, 20, 10, 2, 0, 1, 3, 751
1623708647149917608, 260, 113, 68, 30, 17, 6, 5, 1, 0, 0, 751
1623708671714392992, 255, 118, 69, 28, 14, 11, 7, 1, 0, 0, 751
1623708696082586271, 274, 131, 60, 34, 13, 5, 6, 7, 0, 0, 751
1623708720656710956, 266, 130, 69, 28, 10, 5, 4, 3, 0, 0, 751
1623708745097843860, 268, 133, 60, 31, 14, 6, 4, 2, 2, 0, 751
1623708769542144402, 250, 127, 58, 31, 13, 11, 3, 3, 2, 1, 751
1623708794128511634, 267, 142, 59, 31, 11, 5, 7, 2, 0, 1, 751
1623708818551186477, 270, 120, 58, 23, 10, 6, 3, 3, 2, 0, 751
1623708843294286021, 272, 130, 60, 32, 12, 6, 6, 1, 2, 2, 751
1623708869276856128, 293, 121, 61, 24, 11, 10, 4, 2, 1, 0, 751
1623708898739401663, 256, 122, 66, 28, 11, 3, 2, 3, 2, 1, 751
1623708925197944385, 258, 133, 65, 33, 14, 8, 4, 2, 0, 0, 751
1623708951589024899, 256, 122, 57, 36, 14, 5, 1, 3, 0, 1, 751
1623708978020720611, 245, 133, 73, 32, 11, 7, 5, 2, 0, 1, 751
1623709004608466787, 251, 115, 53, 38, 13, 13, 8, 1, 1, 0, 751
1623709029648780230, 264, 130, 67, 33, 14, 7, 6, 3, 1, 2, 751
1623709054862915369, 256, 121, 70, 29, 10, 5, 3, 1, 1, 0, 751
1623709083064050681, 250, 130, 81, 28, 19, 5, 5, 1, 1, 0, 751
1623709111696079339, 241, 132, 66, 28, 16, 7, 3, 1, 0, 0, 751
1623709142735708785, 253, 107, 67, 33, 14, 9, 4, 4, 1, 2, 751
1623709170543330345, 268, 124, 56, 33, 13, 7, 2, 4, 0, 0, 751
1623709196491274871, 250, 131, 57, 26, 19, 9, 5, 2, 1, 1, 751
1623709221138217239, 267, 114, 58, 28, 11, 13, 2, 0, 0, 2, 751
1623709245498692016, 247, 134, 66, 34, 11, 6, 1, 2, 2, 2, 751
1623709269927776745, 269, 115, 61, 29, 10, 5, 3, 0, 2, 1, 751
1623709297389325146, 272, 124, 56, 36, 13, 9, 3, 0, 0, 2, 751
1623709325085828870, 253, 135, 52, 29, 17, 10, 7, 2, 1, 1, 751
1623709351162936378, 270, 130, 63, 23, 22, 13, 3, 1, 1, 0, 751
1623709380078504043, 267, 135, 59, 29, 15, 12, 3, 1, 1, 1, 751
1623709408366833896, 268, 134, 55, 37, 13, 6, 6, 1, 0, 0, 751
1623709433116695760, 263, 128, 55, 32, 15, 9, 2, 1, 2, 1, 751
1623709458237478756, 268, 124, 64, 30, 17, 7, 6, 2, 2, 1, 751
1623709482906452575, 253, 146, 58, 24, 15, 11, 5, 1, 1, 2, 751
1623709507871670388, 256, 114, 54, 29, 22, 12, 3, 2, 1, 0, 751
1623709532517702897, 284, 126, 57, 32, 12, 8, 4, 0, 1, 0, 751
1623709557356670206, 261, 119, 72, 29, 7, 7, 3, 4, 1, 0, 751
1623709581871117587, 261, 125, 77, 21, 14, 11, 4, 3, 1, 1, 751
1623709606837875611, 291, 119, 72, 20, 11, 7, 4, 2, 1, 1, 751
1623709631859035239, 268, 128, 75, 32, 14, 2, 1, 1, 3, 1, 751
1623709656740001599, 248, 121, 58, 29, 16, 7, 3, 8, 0, 1, 751
1623709681196008296, 254, 133, 60, 27, 12, 7, 2, 1, 0, 1, 751
1623709705731740092, 263, 129, 53, 31, 18, 9, 4, 0, 1, 1, 751
1623709730570230993, 254, 123, 59, 23, 11, 8, 2, 1, 0, 0, 751
1623709754948101737, 250, 115, 55, 25, 18, 3, 1, 1, 1, 0, 751
1623709779312630185, 259, 132, 53, 41, 14, 10, 4, 4, 3, 1, 751
1623709804032317790, 270, 128, 71, 31, 14, 3, 5, 1, 0, 2, 751
1623709828461297823, 228, 118, 63, 22, 22, 4, 6, 2, 0, 0, 751
1623709852674640653, 260, 125, 62, 33, 8, 9, 2, 2, 1, 1, 751
1623709877109435463, 271, 125, 55, 34, 11, 7, 2, 1, 0, 0, 751
1623709901421678054, 256, 142, 68, 40, 15, 7, 3, 4, 2, 1, 751
1623709925622984688, 258, 111, 73, 29, 15, 6, 6, 1, 1, 0, 751
1623709950027376335, 241, 115, 64, 27, 8, 6, 3, 0, 1, 1, 751
1623709974419699392, 261, 130, 55, 25, 19, 7, 3, 2, 1, 0, 751
1623709998965126782, 236, 133, 69, 23, 16, 13, 3, 3, 3, 0, 751
1623710023587841679, 249, 128, 64, 37, 15, 10, 1, 2, 1, 0, 751
1623710048408579691, 276, 124, 62, 27, 16, 7, 3, 4, 1, 0, 751
1623710073131815362, 248, 109, 69, 23, 8, 8, 3, 1, 1, 0, 751
1623710097249830889, 256, 128, 59, 37, 11, 4, 2, 2, 0, 1, 751
1623710121678263675, 292, 106, 53, 27, 20, 8, 5, 2, 0, 1, 751
1623710146252416817, 257, 124, 59, 32, 19, 4, 1, 1, 1, 0, 751
1623710170749460776, 274, 124, 58, 34, 10, 5, 1, 2, 1, 0, 751
1623710195289831994, 262, 122, 62, 30, 15, 9, 2, 0, 1, 1, 751
1623710219626012678, 255, 120, 55, 21, 20, 5, 2, 2, 3, 1, 751
1623710243702770496, 261, 136, 69, 17, 15, 7, 5, 2, 0, 0, 751
1623710268287808950, 242, 123, 63, 37, 13, 5, 4, 3, 0, 0, 751
1623710294079636905, 250, 140, 63, 19, 22, 14, 3, 2, 4, 0, 751
1623710318885307625, 260, 100, 43, 34, 17, 5, 3, 5, 2, 0, 751
1623710343401124157, 234, 131, 62, 22, 20, 6, 3, 1, 0, 1, 751
1623710368103813906, 295, 119, 57, 28, 23, 10, 1, 3, 0, 0, 751
1623710392669270502, 266, 112, 62, 37, 21, 8, 7, 3, 2, 0, 751
1623710417589831293, 275, 132, 56, 29, 13, 12, 3, 2, 0, 1, 751
1623710442437502490, 282, 119, 71, 33, 13, 7, 3, 1, 1, 0, 751
1623710467312567576, 268, 143, 59, 29, 15, 10, 5, 1, 0, 0, 751
1623710492171698303, 250, 120, 72, 27, 22, 12, 4, 3, 0, 0, 751
1623710516626029460, 255, 123, 57, 33, 20, 9, 11, 0, 2, 0, 751
1623710541307960622, 269, 128, 76, 39, 17, 3, 4, 4, 0, 1, 751
1623710566195335128, 235, 125, 75, 31, 11, 10, 5, 1, 1, 0, 751
1623710590639830879, 264, 112, 51, 35, 16, 6, 5, 2, 2, 1, 751
1623710614921381871, 266, 120, 67, 31, 10, 7, 6, 3, 2, 0, 751
1623710639426440597, 233, 142, 61, 35, 14, 11, 5, 3, 1, 0, 751
1623710663977162553, 277, 138, 64, 35, 16, 5, 2, 1, 1, 0, 751
1623710691406692279, 264, 134, 60, 32, 19, 7, 4, 1, 1, 2, 751
1623710719154159390, 280, 127, 58, 35, 22, 5, 4, 3, 0, 0, 751
1623710746785352332, 252, 131, 62, 31, 26, 9, 6, 3, 2, 0, 751
1623710774576287977, 264, 114, 75, 26, 17, 7, 2, 1, 2, 1, 751
1623710801972504413, 255, 122, 78, 43, 16, 9, 8, 0, 0, 2, 751
1623710829409211709, 280, 136, 65, 30, 17, 8, 5, 1, 1, 1, 751
1623710858094712453, 256, 115, 58, 39, 19, 9, 4, 3, 3, 0, 751
1623710885696155711, 247, 154, 69, 40, 17, 7, 3, 1, 0, 0, 751
1623710913923642367, 277, 125, 68, 34, 25, 9, 4, 3, 0, 0, 751
1623710943060347091, 256, 128, 56, 37, 15, 5, 5, 1, 1, 0, 751
1623710972208838357, 253, 127, 60, 33, 17, 6, 3, 0, 3, 1, 751
1623711002050995564, 254, 125, 49, 31, 15, 5, 3, 4, 0, 1, 751
1623711034481943125, 264, 138, 66, 33, 21, 11, 3, 6, 1, 0, 751
1623711064068091672, 264, 113, 57, 26, 19, 5, 7, 2, 0, 0, 751
1623711092544932071, 256, 117, 58, 31, 10, 10, 3, 4, 1, 0, 751
1623711120097140424, 273, 118, 65, 34, 15, 9, 4, 0, 2, 0, 751
1623711146872316613, 263, 133, 57, 33, 21, 7, 3, 2, 1, 1, 751
1623711177285963003, 252, 114, 71, 25, 13, 4, 6, 0, 0, 0, 751
1623711206557518282, 250, 131, 70, 32, 19, 9, 4, 1, 3, 0, 751
1623711234188007444, 263, 137, 84, 28, 20, 6, 5, 2, 3, 2, 751
1623711262775576012, 259, 115, 62, 33, 18, 10, 4, 2, 4, 1, 751
1623711288380643148, 270, 128, 59, 32, 17, 9, 3, 3, 1, 1, 751
1623711313998642528, 270, 134, 66, 32, 15, 12, 4, 4, 0, 1, 751
1623711338849333355, 264, 128, 63, 31, 17, 6, 2, 5, 1, 0, 751
1623711363659766292, 263, 120, 59, 29, 19, 10, 2, 4, 1, 0, 751
1623711388761461368, 286, 120, 78, 33, 18, 8, 4, 1, 2, 0, 751
1623711413969732335, 275, 114, 54, 29, 14, 3, 3, 3, 0, 0, 751
1623711439041305830, 261, 127, 75, 43, 25, 9, 0, 1, 1, 0, 751
1623711464076452798, 251, 126, 60, 33, 16, 11, 4, 2, 0, 2, 751
1623711489208371124, 259, 111, 58, 27, 18, 11, 3, 2, 1, 1, 751
1623711514448713839, 275, 117, 53, 29, 19, 3, 2, 1, 1, 0, 751
1623711539582423765, 266, 135, 58, 20, 19, 9, 1, 2, 0, 1, 751
1623711565081478630, 256, 118, 54, 23, 13, 9, 2, 3, 2, 0, 751
1623711590230660652, 258, 131, 63, 24, 10, 8, 3, 2, 1, 0, 751
1623711615668328516, 248, 123, 57, 30, 13, 5, 2, 0, 1, 1, 751
1623711640706566111, 280, 142, 61, 28, 11, 8, 3, 1, 0, 1, 751
1623711665967316850, 256, 127, 58, 33, 12, 4, 5, 3, 1, 0, 751
1623711691361992492, 270, 125, 66, 30, 16, 17, 8, 1, 0, 0, 751
1623711716147606062, 255, 116, 60, 34, 17, 6, 4, 2, 5, 0, 751
1623711741048456230, 250, 126, 50, 29, 17, 5, 9, 3, 1, 1, 751
1623711770162882522, 271, 114, 54, 38, 20, 7, 5, 3, 5, 0, 751
1623711795908556842, 286, 115, 50, 35, 18, 7, 1, 0, 1, 0, 751
1623711822519915879, 239, 130, 55, 30, 17, 3, 5, 3, 1, 0, 751
1623711847792868924, 267, 120, 52, 30, 17, 4, 5, 1, 0, 0, 751
1623711872917110812, 267, 125, 69, 33, 26, 10, 2, 3, 1, 1, 751
1623711898232318375, 268, 138, 79, 34, 18, 8, 6, 0, 2, 0, 751
1623711923405588755, 264, 116, 73, 29, 21, 10, 2, 1, 1, 0, 751
1623711948188122815, 242, 148, 63, 35, 14, 12, 3, 1, 1, 0, 751
1623711972966324478, 268, 134, 59, 28, 21, 10, 4, 1, 3, 0, 751
1623711997642815921, 287, 120, 72, 32, 7, 5, 4, 3, 2, 0, 751
1623712023270942084, 245, 132, 58, 22, 13, 10, 2, 2, 0, 2, 751
1623712048336783793, 269, 134, 52, 43, 19, 6, 4, 2, 1, 1, 751
1623712073784466472, 253, 126, 91, 34, 13, 11, 5, 1, 0, 0, 751
1623712099103681719, 246, 131, 61, 33, 19, 4, 9, 2, 0, 0, 751
1623712124778309417, 247, 120, 67, 32, 18, 7, 1, 0, 0, 0, 751
1623712149817007680, 248, 137, 61, 38, 14, 5, 4, 3, 1, 1, 751
1623712175026778373, 265, 120, 56, 22, 23, 7, 6, 1, 0, 2, 751
1623712199838692087, 262, 127, 59, 28, 26, 5, 6, 4, 1, 0, 751
1623712225278829655, 257, 121, 62, 41, 22, 8, 3, 4, 2, 1, 751
1623712250718431569, 260, 120, 60, 16, 21, 5, 4, 0, 0, 2, 751
1623712275739240427, 247, 109, 73, 45, 18, 7, 7, 1, 3, 0, 751
1623712300531130788, 240, 124, 69, 28, 18, 9, 6, 1, 2, 0, 751
1623712327546408654, 257, 126, 58, 25, 20, 4, 4, 1, 2, 0, 751
1623712359884831857, 259, 127, 75, 40, 20, 3, 3, 3, 4, 2, 751
1623712390059100920, 275, 111, 66, 34, 17, 8, 8, 1, 1, 1, 751
1623712420016811083, 261, 127, 60, 26, 14, 8, 3, 4, 0, 0, 751
1623712447317051944, 264, 131, 67, 27, 10, 15, 2, 1, 1, 1, 751
1623712472356440538, 255, 119, 49, 23, 12, 6, 3, 0, 1, 0, 751
1623712496609283996, 266, 122, 54, 32, 23, 6, 2, 1, 1, 2, 751
1623712521221633036, 262, 137, 52, 25, 17, 5, 6, 4, 0, 1, 751
1623712545448477401, 263, 113, 58, 31, 12, 11, 7, 2, 0, 0, 751
1623712569948644914, 251, 113, 62, 27, 18, 7, 4, 2, 0, 0, 751
1623712593985613482, 267, 117, 56, 34, 14, 7, 2, 1, 0, 0, 751
1623712618209274984, 268, 125, 77, 39, 19, 10, 4, 1, 1, 0, 751
1623712642522331529, 279, 125, 65, 30, 27, 7, 4, 1, 2, 0, 751
1623712666743828598, 248, 128, 71, 38, 13, 8, 4, 7, 2, 1, 751
1623712691144321416, 250, 129, 66, 29, 18, 10, 4, 3, 0, 0, 751
1623712715979656776, 254, 134, 62, 28, 14, 6, 2, 0, 0, 1, 751
1623712740106974601, 273, 118, 57, 30, 9, 11, 1, 2, 2, 0, 751
1623712764820500454, 251, 137, 54, 28, 19, 13, 2, 0, 0, 0, 751
1623712789545257718, 249, 137, 58, 39, 13, 6, 3, 3, 1, 0, 751
1623712814018551279, 252, 130, 67, 35, 15, 8, 4, 1, 2, 0, 751
1623712838422485771, 246, 136, 68, 32, 15, 6, 6, 3, 1, 0, 751
1623712863072168297, 267, 123, 71, 30, 20, 5, 2, 2, 3, 0, 751
1623712887744178059, 251, 129, 57, 27, 19, 9, 4, 1, 1, 1, 751
1623712912267482529, 264, 121, 70, 34, 14, 6, 3, 2, 1, 0, 751
1623712936724294608, 270, 126, 53, 38, 11, 3, 6, 3, 1, 0, 751
1623712961326792797, 258, 119, 55, 26, 17, 3, 3, 0, 1, 1, 751
1623712985863433337, 247, 105, 65, 40, 14, 12, 2, 0, 2, 0, 751
1623713010602931662, 304, 115, 68, 36, 12, 12, 3, 2, 2, 0, 751
1623713035240167760, 267, 113, 56, 34, 13, 11, 3, 2, 0, 0, 751
1623713061244646858, 257, 130, 70, 24, 18, 13, 4, 1, 1, 0, 751
1623713085744675926, 269, 118, 64, 27, 17, 6, 4, 2, 1, 0, 751
1623713110054815441, 277, 129, 62, 33, 15, 8, 3, 2, 1, 0, 751
1623713134474213456, 248, 129, 57, 37, 12, 9, 1, 6, 1, 1, 751
